19GridFine
Size:
19
19
Body:
0 4
0 9
0 14
1 4
1 9
1 14
2 4
2 9
2 14
3 4
3 9
3 14
4 0
4 1
4 2
4 3
4 4
4 5
4 6
4 7
4 8
4 9
4 10
4 11
4 12
4 13
4 14
4 15
4 16
4 17
4 18
5 4
5 9
5 14
6 4
6 9
6 14
7 4
7 9
7 14
8 4
8 9
8 14
9 0
9 1
9 2
9 3
9 4
9 5
9 6
9 7
9 8
9 9
9 10
9 11
9 12
9 13
9 14
9 15
9 16
9 17
9 18
10 4
10 9
10 14
11 4
11 9
11 14
12 4
12 9
12 14
13 4
13 9
13 14
14 0
14 1
14 2
14 3
14 4
14 5
14 6
14 7
14 8
14 9
14 10
14 11
14 12
14 13
14 14
14 15
14 16
14 17
14 18
15 4
15 9
15 14
16 4
16 9
16 14
17 4
17 9
17 14
18 4
18 9
18 14
END