49GridFine
Size:
49
49
Body:
0 4
0 9
0 14
0 19
0 24
0 29
0 34
0 39
0 44
1 4
1 9
1 14
1 19
1 24
1 29
1 34
1 39
1 44
2 4
2 9
2 14
2 19
2 24
2 29
2 34
2 39
2 44
3 4
3 9
3 14
3 19
3 24
3 29
3 34
3 39
3 44
4 0
4 1
4 2
4 3
4 4
4 5
4 6
4 7
4 8
4 9
4 10
4 11
4 12
4 13
4 14
4 15
4 16
4 17
4 18
4 19
4 20
4 21
4 22
4 23
4 24
4 25
4 26
4 27
4 28
4 29
4 30
4 31
4 32
4 33
4 34
4 35
4 36
4 37
4 38
4 39
4 40
4 41
4 42
4 43
4 44
4 45
4 46
4 47
4 48
5 4
5 9
5 14
5 19
5 24
5 29
5 34
5 39
5 44
6 4
6 9
6 14
6 19
6 24
6 29
6 34
6 39
6 44
7 4
7 9
7 14
7 19
7 24
7 29
7 34
7 39
7 44
8 4
8 9
8 14
8 19
8 24
8 29
8 34
8 39
8 44
9 0
9 1
9 2
9 3
9 4
9 5
9 6
9 7
9 8
9 9
9 10
9 11
9 12
9 13
9 14
9 15
9 16
9 17
9 18
9 19
9 20
9 21
9 22
9 23
9 24
9 25
9 26
9 27
9 28
9 29
9 30
9 31
9 32
9 33
9 34
9 35
9 36
9 37
9 38
9 39
9 40
9 41
9 42
9 43
9 44
9 45
9 46
9 47
9 48
10 4
10 9
10 14
10 19
10 24
10 29
10 34
10 39
10 44
11 4
11 9
11 14
11 19
11 24
11 29
11 34
11 39
11 44
12 4
12 9
12 14
12 19
12 24
12 29
12 34
12 39
12 44
13 4
13 9
13 14
13 19
13 24
13 29
13 34
13 39
13 44
14 0
14 1
14 2
14 3
14 4
14 5
14 6
14 7
14 8
14 9
14 10
14 11
14 12
14 13
14 14
14 15
14 16
14 17
14 18
14 19
14 20
14 21
14 22
14 23
14 24
14 25
14 26
14 27
14 28
14 29
14 30
14 31
14 32
14 33
14 34
14 35
14 36
14 37
14 38
14 39
14 40
14 41
14 42
14 43
14 44
14 45
14 46
14 47
14 48
15 4
15 9
15 14
15 19
15 24
15 29
15 34
15 39
15 44
16 4
16 9
16 14
16 19
16 24
16 29
16 34
16 39
16 44
17 4
17 9
17 14
17 19
17 24
17 29
17 34
17 39
17 44
18 4
18 9
18 14
18 19
18 24
18 29
18 34
18 39
18 44
19 0
19 1
19 2
19 3
19 4
19 5
19 6
19 7
19 8
19 9
19 10
19 11
19 12
19 13
19 14
19 15
19 16
19 17
19 18
19 19
19 20
19 21
19 22
19 23
19 24
19 25
19 26
19 27
19 28
19 29
19 30
19 31
19 32
19 33
19 34
19 35
19 36
19 37
19 38
19 39
19 40
19 41
19 42
19 43
19 44
19 45
19 46
19 47
19 48
20 4
20 9
20 14
20 19
20 24
20 29
20 34
20 39
20 44
21 4
21 9
21 14
21 19
21 24
21 29
21 34
21 39
21 44
22 4
22 9
22 14
22 19
22 24
22 29
22 34
22 39
22 44
23 4
23 9
23 14
23 19
23 24
23 29
23 34
23 39
23 44
24 0
24 1
24 2
24 3
24 4
24 5
24 6
24 7
24 8
24 9
24 10
24 11
24 12
24 13
24 14
24 15
24 16
24 17
24 18
24 19
24 20
24 21
24 22
24 23
24 24
24 25
24 26
24 27
24 28
24 29
24 30
24 31
24 32
24 33
24 34
24 35
24 36
24 37
24 38
24 39
24 40
24 41
24 42
24 43
24 44
24 45
24 46
24 47
24 48
25 4
25 9
25 14
25 19
25 24
25 29
25 34
25 39
25 44
26 4
26 9
26 14
26 19
26 24
26 29
26 34
26 39
26 44
27 4
27 9
27 14
27 19
27 24
27 29
27 34
27 39
27 44
28 4
28 9
28 14
28 19
28 24
28 29
28 34
28 39
28 44
29 0
29 1
29 2
29 3
29 4
29 5
29 6
29 7
29 8
29 9
29 10
29 11
29 12
29 13
29 14
29 15
29 16
29 17
29 18
29 19
29 20
29 21
29 22
29 23
29 24
29 25
29 26
29 27
29 28
29 29
29 30
29 31
29 32
29 33
29 34
29 35
29 36
29 37
29 38
29 39
29 40
29 41
29 42
29 43
29 44
29 45
29 46
29 47
29 48
30 4
30 9
30 14
30 19
30 24
30 29
30 34
30 39
30 44
31 4
31 9
31 14
31 19
31 24
31 29
31 34
31 39
31 44
32 4
32 9
32 14
32 19
32 24
32 29
32 34
32 39
32 44
33 4
33 9
33 14
33 19
33 24
33 29
33 34
33 39
33 44
34 0
34 1
34 2
34 3
34 4
34 5
34 6
34 7
34 8
34 9
34 10
34 11
34 12
34 13
34 14
34 15
34 16
34 17
34 18
34 19
34 20
34 21
34 22
34 23
34 24
34 25
34 26
34 27
34 28
34 29
34 30
34 31
34 32
34 33
34 34
34 35
34 36
34 37
34 38
34 39
34 40
34 41
34 42
34 43
34 44
34 45
34 46
34 47
34 48
35 4
35 9
35 14
35 19
35 24
35 29
35 34
35 39
35 44
36 4
36 9
36 14
36 19
36 24
36 29
36 34
36 39
36 44
37 4
37 9
37 14
37 19
37 24
37 29
37 34
37 39
37 44
38 4
38 9
38 14
38 19
38 24
38 29
38 34
38 39
38 44
39 0
39 1
39 2
39 3
39 4
39 5
39 6
39 7
39 8
39 9
39 10
39 11
39 12
39 13
39 14
39 15
39 16
39 17
39 18
39 19
39 20
39 21
39 22
39 23
39 24
39 25
39 26
39 27
39 28
39 29
39 30
39 31
39 32
39 33
39 34
39 35
39 36
39 37
39 38
39 39
39 40
39 41
39 42
39 43
39 44
39 45
39 46
39 47
39 48
40 4
40 9
40 14
40 19
40 24
40 29
40 34
40 39
40 44
41 4
41 9
41 14
41 19
41 24
41 29
41 34
41 39
41 44
42 4
42 9
42 14
42 19
42 24
42 29
42 34
42 39
42 44
43 4
43 9
43 14
43 19
43 24
43 29
43 34
43 39
43 44
44 0
44 1
44 2
44 3
44 4
44 5
44 6
44 7
44 8
44 9
44 10
44 11
44 12
44 13
44 14
44 15
44 16
44 17
44 18
44 19
44 20
44 21
44 22
44 23
44 24
44 25
44 26
44 27
44 28
44 29
44 30
44 31
44 32
44 33
44 34
44 35
44 36
44 37
44 38
44 39
44 40
44 41
44 42
44 43
44 44
44 45
44 46
44 47
44 48
45 4
45 9
45 14
45 19
45 24
45 29
45 34
45 39
45 44
46 4
46 9
46 14
46 19
46 24
46 29
46 34
46 39
46 44
47 4
47 9
47 14
47 19
47 24
47 29
47 34
47 39
47 44
48 4
48 9
48 14
48 19
48 24
48 29
48 34
48 39
48 44
END